2
3
5
7
14
15
16
17
22
26
30
32
35
37
40
46
47
48
49
51
54
56
58
59
61
62
63
65
67
68
69
70
71
73
76
78
79
81
84
85
93
98
100
104
105
107
110
112
113
114
117
118
122
123
125
126
129
134
139
140
142
143
147
148
149
153
158
159
161
162
164
165
166
168
170
172
173
181
182
183
185
190
191
192
195
196
199
200
203
206
209
211
212
216
218
219
223
225
227
229
233
237
238
239
241
242
244
245
247
249
253
254
255
258
259
260
261
264
265
266
267
269
271
272
273
274
276
278
281
282
285
286
288
290
292
293
294
298
302
308
309
310
311
313
315
318
321
324
329
331
332
335
336
338
339
340
344
345
348
349
351
353
359
364
365
368
369
370
374
376
378
379
382
384
389
391
394
395
396
399
401
405
406
408
411
413
416
419
421
422
426
429
430
431
432
433
434
435
436
438
439
443
444
446
448
450
454
458
460
461
470
472
473
474
475
476
479
483
484
487
491
492
493
496
497
499
501
502
503
506
507
508
509
511
512
514
516
517
518
519
521
523
524
527
528
530
531
534
535
537
538
546
547
549
551
554
558
561
562
563
565
566
567
568
570
572
575
576
578
579
581
583
585
586
590
592
593
595
596
597
598
601
602
604
606
607
609
610
615
616
621
622
624
625
626
630
632
633
636
637
639
640
642
643
644
647
651
653
654
655
658
659
660
662
664
666
667
668
669
671
674
675
676
677
680
685
687
688
691
694
695
696
700
703
704
706
708
709
710
711
712
716
719
720
721
727
730
732
736
737
738
740
742
745
746
747
750
755
761
762
769
772
773
775
776
778
782
783
786
787
788
790
791
796
797
798
799
800
802
804
806
807
809
810
812
813
814
817
818
819
820
821
824
825
826
829
830
831
835
836
839
840
844
845
846
848
849
850
851
852
853
855
861
862
863
865
867
868
870
872
874
875
877
881
884
885
886
887
889
890
891
894
898
899
903
904
907
908
914
917
920
922
923
924
929
930
931
932
933
934
936
938
940
944
946
948
951
957
958
963
964
968
969
971
972
973
974
976
977
978
980
981
983
984
985
990
992
993
994
995
996
998
999
1000
1001
1002
1003
1004
1006
1007
1009
1010
1011
1012
1013
1016
1017
1018
1020
1021
1022
1023
1028
1031
1034
1037
1038
1039
1040
1042
1043
1044
1045
1046
1047
1048
1050
1056
1057
1059
1062
1065
1066
1071
1072
1073
1080
1085
1086
1088
1091
1096
1097
1099
1102
1105
1106
1107
1108
1109
1111
1112
1114
1116
1121
1122
1124
1128
1129
1130
1132
1133
1137
1138
1140
1143
1144
1145
1146
1148
1149
1150
1152
1157
1158
1159
1160
1161
1163
1168
1169
1170
1172
1173
1174
1175
1177
1179
1180
1181
1182
1187
1192
1195
1197
1199
1200
1202
1204
1206
1217
1218
1221
1223
1226
1227
1231
1232
1233
1238
1241
1242
1245
1247
1250
1251
1252
1253
1256
1258
1259
1263
1265
1269
1270
1271
1273
1277
1278
1279
1280
1281
1282
1284
1285
1286
1288
1289
1291
1292
1293
1294
1295
1296
1297
1299
1302
1303
1304
1306
1309
1311
1313
1316
1317
1318
1319
1320
1322
1325
1329
1330
1332
1335
1337
1342
1345
1349
1350
1352
1353
1356
1357
1362
1364
1368
1369
1370
1372
1374
1376
1377
1379
1382
1384
1386
1388
1391
1392
1394
1397
1398
1399
1404
1409
1410
1411
1413
1414
1416
1418
1421
1423
1425
1427
1428
1429
1432
1433
1437
1440
1445
1447
1449
1451
1455
1457
1459
1460
1462
1463
1466
1470
1472
1475
1477
1480
1482
1487
1488
1490
1492
1493
1495
1496
1503
1504
1505
1506
1507
1510
1511
1520
1525
1527
1528
1529
1533
1534
1535
1537
1538
1539
1541
1542
1546
1548
1553
1555
1557
1558
1562
1564
1569
1570
1571
1573
1574
1575
1577
1581
1582
1587
1588
1589
1592
1594
1600
1605
1608
1609
1610
1611
1612
1613
1615
1616
1617
1618
1619
1620
1622
1623
1625
1627
1628
1629
1632
1636
1640
1643
1644
1648
1650
1653
1654
1655
1657
1659
1660
1661
1664
1665
1666
1667
1669
1672
1674
1675
1678
1680
1681
1682
1684
1687
1689
1690
1691
1692
1693
1697
1700
1702
1705
1706
1707
1708
1709
1710
1711
1713
1714
1715
1716
1719
1721
1722
1725
1727
1729
1730
1731
1732
1735
1736
1737
1739
1741
1743
1745
1746
1747
1749
1750
1752
1755
1757
1758
1760
1762
1763
1764
1766
1767
1768
1770
1772
1775
1778
1779
1781
1783
1784
1785
1786
1787
1788
1790
1792
1795
1796
1798
1799
1801
1802
1804
1805
1806
1808
1809
1811
1818
1821
1823
1824
1825
1826
1829
1832
1833
1834
1836
1837
1838
1840
1843
1844
1845
1846
1847
1848
1852
1853
1855
1856
1857
1858
1860
1862
1863
1864
1865
1866
1868
1871
1875
1877
1878
1879
1880
1888
1889
1890
1891
1892
1894
1898
1899
1900
1901
1903
1904
1906
1909
1913
1914
1915
1916
1921
1922
1923
1925
1926
1927
1928
1932
1933
1937
1941
1944
1946
1954
1956
1957
1960
1961
1963
1965
1967
1969
1972
1973
1974
1975
1977
1978
1979
1980
1982
1985
1986
1988
1992
1993
1999
2005
2011
2012
2013
2016
2019
2023
2024
2025
2026
2027
2028
2029
2030
2032
2033
2034
2037
2038
2043
2045
2046
2047
2049
2053
2055
2058
2059
2061
2062
2065
2066
2068
2076
2079
2092
2093
2097
2102
2104
2106
2107
2111
2118
2121
2122
2125
2128
2130
2131
2134
2135
2136
2137
2138
2139
2141
2144
2145
2146
2149
2151
2154
2155
2156
2157
2158
2159
2162
2164
2165
2166
2173
2174
2176
2178
2179
2182
2187
2188
2190
2193
2195
2196
2197
2200
2201
2202
2203
2204
2212
2215
2217
2218
2220
2221
2222
2224
2225
2228
2230
2232
2233
2234
2242
2244
2245
2248
2251
2252
2256
2260
2261
2263
2265
2266
2268
2269
2270
2272
2274
2276
2277
2279
2281
2282
2284
2286
2287
2288
2289
2290
2291
2292
2293
2294
2296
2297
2298
2299
2300
2302
2303
2307
2309
2311
2312
2313
2316
2320
2321
2323
2325
2327
2328
2329
2331
2332
2334
2336
2337
2338
2342
2343
2345
2347
2351
2353
2354
2355
2356
2359
2362
2363
2364
2368
2369
2371
2377
2378
2381
2385
2386
2387
2395
2397
2398
2400
2404
2406
2408
2410
2411
2412
2415
2418
2422
2425
2426
2430
2432
2433
2435
2436
2438
2439
2442
2444
2445
2448
2450
2453
2459
2460
2461
2464
2466
2469
2470
2471
2472
2475
2476
2477
2478
2479
2480
2482
2483
2485
2486
2488
2490
2492
2493
2494
2496
2499
2503
2504
2505
2507
2510
2511
2512
2514
2515
2517
2518
2519
2524
2530
2533
2537
2539
2541
2542
2546
2547
2548
2549
2553
2558
2560
2562
2563
2566
2570
2573
2574
2575
2576
2577
2578
2580
2581
2584
2586
2587
2591
2592
2593
2594
2595
2597
2598
2599
2601
2603
2605
2606
2610
2613
2614
2622
2625
2629
2630
2632
2633
2639
2643
2645
2646
2649
2650
2651
2653
2658
2660
2661
2663
2664
2665
2667
2668
2669
2672
2674
2677
2679
2680
2681
2682
2683
2685
2686
2687
2688
2691
2692
2694
2695
2700
2701
2703
2706
2707
2709
2710
2712
2716
2721
2722
2724
2725
2728
2731
2732
2734
2736
2738
2742
2743
2748
2749
2751
2752
2753
2758
2761
2762
2763
2764
2765
2767
2768
2769
2770
2773
2778
2780
2783
2784
2785
2786
2787
2791
2793
2794
2795
2796
2800
2801
2803
2806
2807
2808
2809
2810
2811
2813
2816
2817
2818
2819
2821
2823
2827
2829
2830
2831
2832
2834
2836
2839
2842
2843
2844
2847
2849
2850
2851
2852
2853
2854
2857
2859
2860
2861
2867
2869
2873
2874
2875
2878
2881
2884
2885
2886
2889
2890
2900
2902
2906
2908
2909
2910
2911
2913
2918
2919
2920
2921
2922
2923
2927
2930
2931
2932
2934
2935
2937
2939
2940
2941
2942
2943
2949
2953
2954
2956
2957
2958
2961
2962
2968
2970
2974
2975
2976
2977
2979
2980
2983
2986
2988
2990
2991
2992
2994
2995
3000
3001
3002
3003
3005
3009
3014
3022
3030
3039
3041
3042
3043
3044
3046
3047
3050
3051
3054
3058
3060
3063
3064
3066
3070
3071
3072
3073
3074
3075
3076
3077
3081
3084
3086
3088
3090
3091
3093
3094
3095
3099
3101
3102
3105
3108
3109
3111
3112
3115
3116
3117
3118
3121
3125
3128
3130
3135
3144
3145
3146
3147
3150
3152
3153
3155
3156
3157
3158
3159
3160
3161
3163
3167
3168
3169
3171
3174
3175
3176
3178
3181
3183
3185
3186
3189
3191
3194
3196
3197
3198
3201
3203
3206
3207
3208
3209
3213
3214
3215
3216
3219
3220
3222
3223
3224
3225
3226
3227
3231
3232
3234
3235
3239
3242
3246
3247
3250
3251
3253
3255
3259
3260
3261
3263
3266
3267
3268
3270
3271
3272
3274
3276
3277
3278
3279
3280
3281
3283
3284
3285
3286
3287
3288
3289
3290
3291
3292
3293
3294
3295
3296
3299
3303
3307
3308
3311
3314
3323
3324
3325
3326
3329
3330
3331
3332
3333
3336
3338
3341
3342
3344
3352
3353
3354
3357
3364
3365
3370
3371
3372
3374
3375
3377
3379
3380
3381
3382
3383
3384
3385
3386
3387
3388
3389
3390
3392
3394
3396
3398
3399
3402
3404
3406
3412
3413
3415
3416
3421
3422
3425
3426
3431
3433
3434
3435
3440
3442
3443
3445
3446
3448
3450
3451
3453
3454
3455
3457
3458
3459
3460
3461
3464
3466
3468
3470
3472
3475
3477
3478
3479
3481
3483
3485
3487
3488
3489
3491
3493
3497
3499
3500
3503
3504
3505
3507
3509
3514
3515
3516
3517
3527
3528
3529
3533
3537
3538
3540
3541
3543
3544
3545
3546
3549
3550
3551
3553
3556
3557
3562
3565
3566
3567
3570
3571
3572
3573
3574
3576
3577
3579
3581
3582
3584
3586
3587
3588
3590
3591
3593
3594
3598
3600
3604
3606
3608
3611
3613
3614
3615
3619
3621
3623
3625
3626
3627
3629
3630
3631
3632
3633
3637
3638
3646
3648
3649
3652
3653
3656
3659
3660
3661
3662
3668
3669
3670
3671
3672
3675
3680
3681
3683
3687
3691
3692
3694
3697
3698
3701
3702
3704
3708
3709
3710
3711
3712
3716
3717
3719
3721
3722
3723
3724
3725
3726
3728
3730
3731
3732
3733
3735
3739
3741
3742
3743
3748
3751
3752
3754
3755
3756
3757
3759
3761
3767
3769
3770
3772
3774
3775
3778
3788
3791
3793
3794
3795
3796
3803
3804
3805
3806
3807
3808
3811
3814
3815
3818
3822
3824
3827
3829
3830
3831
3832
3835
3840
3841
3842
3844
3845
3846
3849
3850
3852
3854
3857
3858
3861
3862
3866
3869
3871
3873
3874
3876
3877
3878
3879
3881
3883
3885
3892
3894
3895
3899
3900
3901
3902
3903
3905
3906
3908
3910
3913
3914
3917
3918
3919
3924
3925
3926
3927
3928
3930
3932
3933
3934
3935
3938
3939
3940
3942
3944
3947
3950
3954
3955
3956
3957
3958
3959
3961
3962
3963
3967
3969
3973
3974
3975
3976
3978
3979
3980
3984
3986
3988
3991
3993
3995
3996
4001
4002
4003
4007
4008
4009
4010
4017
4018
4021
4023
4024
4029
4030
4033
4034
4035
4036
4037
4039
4040
4042
4043
4044
4045
4046
4047
4052
4053
4055
4056
4057
4058
4062
4067
4069
4071
4072
4073
4074
4075
4078
4079
4081
4087
4091
4092
4094
4101
4104
4106
4108
4109
4110
4111
4114
4118
4121
4123
4126
4127
4129
4141
4144
4147
4148
4149
4152
4153
4154
4155
4158
4159
4161
4162
4163
4167
4170
4172
4176
4179
4181
4183
4186
4187
4189
4190
4192
4193
4198
4199
4200
4202
4203
4204
4208
4210
4212
4221
4222
4224
4227
4232
4235
4237
4238
4239
4241
4245
4246
4247
4249
4250
4251
4253
4254
4259
4260
4268
4270
4274
4276
4278
4280
4281
4283
4284
4286
4290
4291
4292
4293
4294
4295
4297
4298
4299
4301
4303
4305
4312
4313
4317
4319
4320
4321
4322
4323
4326
4328
4329
4334
4336
4337
4338
4339
4342
4343
4344
4345
4346
4347
4348
4353
4354
4357
4359
4361
4362
4363
4364
4367
4368
4369
4371
4373
4376
4377
4378
4379
4381
4383
4384
4387
4388
4389
4390
4393
4394
4399
4400
4401
4402
4403
4404
4405
4406
4408
4410
4414
4415
4418
4419
4420
4428
4429
4436
4438
4439
4442
4443
4445
4446
4449
4451
4452
4453
4454
4456
4457
4458
4459
4460
4461
4462
4463
4467
4471
4476
4478
4479
4482
4483
4485
4486
4487
4492
4493
4496
4497
4499
4500
4502
4504
4512
4513
4514
4518
4521
4523
4526
4529
4531
4532
4535
4538
4539
4540
4545
4550
4552
4555
4559
4561
4562
4564
4567
4568
4571
4575
4577
4579
4583
4584
4585
4590
4592
4593
4595
4597
4598
4599
4601
4603
4604
4605
4606
4608
4609
4613
4615
4616
4618
4619
4626
4628
4631
4632
4634
4636
4640
4642
4644
4645
4647
4648
4649
4650
4651
4655
4656
4660
4661
4664
4666
4667
4671
4672
4673
4679
4680
4681
4684
4686
4688
4689
4690
4691
4693
4695
4696
4698
4699
4701
4702
4703
4704
4705
4706
4707
4708
4709
4710
4711
4712
4713
4714
4716
4717
4719
4723
4729
4730
4731
4733
4734
4736
4737
4739
4741
4742
4743
4744
4747
4748
4750
4751
4753
4754
4757
4760
4761
4763
4764
4765
4767
4771
4772
4773
4775
4776
4780
4781
4783
4784
4785
4786
4788
4790
4791
4792
4793
4795
4798
4799
4802
4803
4804
4805
4808
4811
4813
4815
4819
4820
4822
4825
4829
4831
4836
4838
4839
4840
4842
4843
4846
4847
4848
4850
4852
4853
4857
4861
4862
4865
4867
4870
4871
4872
4875
4880
4881
4884
4886
4887
4888
4889
4890
4891
4895
4898
4900
4901
4903
4906
4908
4910
4911
4912
4913
4916
4918
4919
4920
4923
4928
4932
4934
4938
4939
4941
4944
4945
4950
4953
4956
4957
4959
4963
4965
4967
4968
4969
4970
4971
4973
4974
4976
4977
4979
4981
4983
4986
4989
4991
4992
4994
4996
4997
4999
5000
5001
5003
5007
5009
5011
5012
5013
5016
5018
5020
5021
5023
5025
5026
5027
5031
5033
5034
5039
5040
5043
5045
5048
5049
5052
5053
5054
5055
5056
5058
5060
5061
5062
5064
5065
5070
5072
5074
5075
5076
5079
5081
5082
5083
5085
5086
5087
5088
5089
5091
5093
5094
5095
5097
5098
5099
5101
5104
5106
5107
5109
5111
5112
5113
5115
5116
5122
5125
5126
5127
5128
5129
5133
5134
5135
5136
5137
5138
5141
5144
5145
5146
5149
5150
5151
5152
5154
5155
5157
5159
5160
5163
5165
5166
5167
5173
5176
5180
5181
5183
5185
5187
5190
5195
5197
5198
5199
5201
5202
5204
5206
5208
5209
5211
5213
5214
5217
5219
5220
5222
5225
5227
5228
5230
5234
5237
5238
5239
5240
5241
5242
5244
5246
5248
5250
5251
5253
5255
5256
5257
5258
5263
5265
5266
5267
5268
5271
5272
5273
5274
5275
5276
5277
5285
5286
5287
5288
5293
5297
5298
5299
5301
5302
5304
5305
5306
5310
5311
5313
5317
5318
5322
5325
5326
5329
5331
5333
5334
5335
5336
5340
5342
5343
5345
5347
5348
5351
5352
5353
5354
5355
5356
5358
5362
5365
5367
5368
5369
5371
5373
5374
5375
5377
5378
5379
5381
5386
5387
5388
5390
5392
5395
5397
5398
5399
5403
5404
5405
5409
5411
5412
5413
5415
5416
5418
5420
5421
5422
5425
5433
5434
5437
5439
5442
5443
5449
5450
5454
5462
5464
5465
5466
5467
5468
5470
5471
5474
5477
5479
5480
5483
5484
5485
5487
5489
5491
5494
5497
5498
5501
5504
5505
5508
5509
5514
5517
5521
5525
5526
5528
5531
5532
5533
5534
5538
5541
5542
5543
5548
5553
5557
5562
5568
5570
5571
5572
5574
5577
5580
5583
5584
5586
5593
5598
5600
5603
5606
5607
5608
5610
5611
5613
5614
5616
5619
5620
5623
5626
5628
5629
5631
5638
5640
5641
5644
5648
5649
5650
5653
5654
5655
5658
5660
5662
5664
5665
5666
5668
5671
5672
5673
5674
5678
5679
5680
5682
5684
5687
5688
5691
5692
5694
5697
5702
5703
5704
5708
5710
5711
5712
5713
5714
5718
5721
5722
5724
5725
5730
5736
5737
5739
5740
5741
5743
5746
5747
5748
5749
5751
5753
5755
5756
5757
5758
5759
5762
5764
5765
5766
5768
5770
5771
5773
5777
5778
5781
5782
5783
5784
5788
5789
5791
5792
5794
5797
5798
5799
5801
5802
5804
5805
5807
5809
5810
5812
5817
5820
5826
5827
5828
5831
5832
5833
5834
5836
5837
5838
5840
5843
5846
5848
5849
5850
5851
5855
5860
5864
5868
5870
5871
5872
5873
5878
5879
5880
5881
5882
5883
5884
5886
5888
5889
5891
5894
5895
5896
5897
5898
5900
5901
5903
5904
5905
5906
5908
5911
5912
5914
5916
5920
5923
5927
5928
5930
5933
5936
5937
5938
5939
5940
5941
5943
5951
5955
5958
5961
5964
5965
5968
5971
5972
5973
5974
5975
5977
5978
5980
5982
5983
5985
5987
5990
5991
5993
5995
5997
6001
6004
6005
6007
6010
6011
6012
6015
6016
6017
6019
6021
6022
6028
6032
6033
6038
6039
6041
6043
6044
6046
6047
6050
6051
6052
6054
6056
6057
6059
6061
6063
6066
6068
6069
6070
6071
6072
6073
6077
6078
6082
6084
6085
6088
6091
6092
6093
6096
6097
6100
6101
6102
6104
6108
6110
6113
6114
6115
6119
6120
6123
6124
6126
6127
6129
6133
6135
6138
6139
6141
6143
6145
6147
6148
6149
6151
6152
6153
6154
6155
6157
6160
6161
6162
6164
6165
6167
6168
6169
6171
6173
6176
6181
6182
6183
6186
6187
6189
6191
6192
6195
6196
6197
6198
6200
6202
6204
6206
6207
6210
6211
6212
6215
6221
6225
6226
6227
6228
6230
6234
6235
6238
6240
6241
6245
6246
6248
6250
6253
6254
6255
6256
6257
6260
6263
6264
6265
6267
6268
6270
6274
6277
6278
6280
6281
6283
6284
6289
6292
6295
6296
6299
6300
6302
6305
6306
6308
6313
6314
6315
6316
6317
6321
6324
6326
6328
6331
6332
6335
6337
6338
6339
6340
6341
6342
6343
6348
6349
6351
6352
6358
6360
6361
6363
6364
6366
6369
6370
6371
6373
6374
6376
6377
6378
6379
6380
6382
6383
6384
6387
6388
6389
6393
6394
6395
6400
6401
6403
6405
6407
6408
6410
6412
6413
6414
6416
6417
6418
6423
6424
6427
6428
6429
6430
6432
6433
6434
6435
6437
6439
6443
6445
6446
6447
6449
6451
6453
6454
6457
6459
6465
6467
6469
6470
6471
6473
6474
6476
6478
6479
6480
6482
6483
6486
6488
6489
6491
6493
6498
6503
6505
6507
6509
6512
6513
6514
6515
6518
6522
6524
6525
6526
6530
6531
6533
6535
6539
6540
6541
6544
6545
6546
6548
6549
6552
6554
6558
6562
6563
6564
6565
6566
6567
6568
6569
6570
6571
6573
6574
6575
6578
6579
6580
6582
6585
6588
6589
6591
6594
6596
6599
6602
6604
6607
6609
6615
6616
6618
6619
6620
6621
6622
6623
6625
6628
6629
6631
6632
6634
6636
6640
6641
6642
6645
6647
6652
6656
6668
6669
6670
6673
6677
6678
6679
6680
6681
6682
6686
6688
6690
6698
6699
6701
6702
6703
6705
6706
6708
6711
6712
6714
6715
6717
6718
6719
6720
6724
6725
6729
6730
6731
6732
6733
6735
6736
6738
6740
6741
6743
6746
6747
6748
6751
6754
6757
6759
6762
6763
6767
6770
6772
6773
6779
6781
6785
6787
6794
6795
6796
6797
6798
6801
6803
6806
6812
6813
6815
6817
6818
6819
6821
6822
6823
6824
6825
6828
6829
6830
6832
6833
6834
6835
6838
6839
6840
6841
6842
6844
6847
6848
6849
6850
6853
6854
6857
6859
6861
6862
6864
6868
6869
6871
6874
6877
6880
6881
6883
6884
6885
6887
6888
6891
6895
